2 56 3262 6496 6500 3444 587 3547 11494 3423 11560 3558 549 9503 6529 678 9638 663 11623 6680 9655 3690 708 3705 9515 9681 3703 9665 11651 704 11666 3700 6720 9676 11663 6703 3680 9643 9608 6647 11577 11580 11586 11583 6634 630 9756 9771 11754 793 3796 9610 9612 9614 657 9635 3076 687 
1 27 9904 11751 6862 6875 11833 6946 6973 6788 3772 11891 3959 956 11834 11849 11877 9898 6960 6917 6931 3898 6865 872 6836 13223 13222 9896 6906 
1 16 9904 11846 923 9826 819 955 851 3968 10027 3901 12066 9990 4159 1156 3857 10074 
1 11 9904 11846 923 3923 11803 3958 6972 9856 11837 11998 6979 
1 11 9904 9794 6926 967 9924 782 6793 9582 11584 628 6626 
1 6 11584 3604 11598 6675 3660 6678 
1 7 6946 1616 6985 6606 6793 9582 11584 
1 8 6788 3772 770 9738 764 3768 780 6613 
1 11 6613 11593 3594 9748 11576 6648 6618 9751 6792 11565 9737 
1 8 6613 11794 9625 3681 3506 9725 9523 11506 
1 5 11506 9561 454 6504 11483 
1 6 9523 6547 11463 9478 503 11465 
1 6 11483 3576 516 13068 11419 3262 
1 6 9867 9631 6657 9597 11565 9737 
1 6 9737 6777 9710 743 6756 740 
1 7 9824 11779 3898 3915 9882 9884 11697 
1 3 9884 11697 743 
1 2 9867 11465 
1 4 9523 9534 6569 485 
1 8 11628 3652 9658 11488 5291 9559 9575 3423 
1 6 11483 11606 13081 9472 3560 5291 
1 3 3262 9498 391 
1 8 11891 770 6780 3782 11570 9587 636 11604 
1 2 11604 663 
1 24 6626 11735 13252 591 6611 984 3974 6957 11816 6889 9821 9809 9780 9914 9875 11856 9837 966 6930 3973 3864 976 1109 4109 
1 11 11856 974 3833 3526 6990 9791 11774 11905 11842 922 9833 
2 6 9833 922 9902 9919 9769 9612 
1 7 793 965 949 935 6857 6886 3526 
1 12 11753 3714 9886 9868 6919 6965 7620 9912 9893 3889 12473 12029 
1 12 6965 9761 9777 919 11826 11839 9844 6908 3905 890 11811 11829 
1 2 11829 9833 
1 45 11829 11811 3851 947 11867 11778 9921 11848 4112 7130 10038 9941 10122 12096 1119 1005 1122 4127 4008 7026 4124 10056 11810 11746 806 12029 1088 10087 1108 792 4111 1074 1065 1201 4206 4088 4161 11979 1155 12049 7011 10073 7091 4076 4145 
1 47 1071 11910 10061 11967 9989 7079 10120 4136 1130 9992 7082 1204 4151 12094 10123 11954 4120 1127 1198 4057 12088 10117 10046 4047 1041 1118 9980 7209 4194 1149 1189 12039 11957 7005 10026 4129 7162 11921 4129 7162 4129 11921 4129 7162 11921 4129 7162 
1 3 7162 10091 11969 
1 27 11969 9994 4163 1160 7081 12051 10078 4046 7166 11939 1145 9964 1013 11923 7132 4116 989 12100 7215 4199 12087 9945 10113 1194 10070 7069 11943 
1 2 4145 1071 
1 11 7011 12004 4143 7188 7030 10028 1151 12071 1064 11999 10844 
1 2 12071 12889 
1 3 10844 4910 1977 
1 2 10028 12002 
1 3 7011 4055 7117 
1 4 4206 4088 7176 1015 
1 11 11753 3714 9932 975 11894 11881 6995 3967 6938 9871 9844 
1 8 6906 3799 3891 888 11742 9852 6914 3938 
1 9 3938 858 9881 6948 3810 879 9891 7098 7183 
1 7 7183 1048 4080 9815 12070 6880 3790 
1 10 3938 896 11820 9917 9839 9877 3926 844 11768 11805 
1 7 9839 9770 938 845 889 9817 11673 
1 11 9817 6921 3892 920 3918 3920 9872 9700 11854 13220 740 
1 11 6906 3799 871 7213 948 813 11766 857 884 11852 13233 
1 2 13233 740 
1 11 11805 3861 799 6924 9817 11673 6734 9689 11710 758 3761 
1 5 6891 9772 11824 11874 11773 
1 7 10074 7059 7147 1009 13256 4014 1156 
1 11 9904 11882 963 6831 3966 6939 6980 883 6843 9784 11837 
1 4 6831 9838 925 967 
1 46 5007 12156 10733 1933 12882 12797 4888 10490 10750 10796 10834 10865 2074 1943 10911 4973 8112 1970 5087 12805 10417 12653 12314 12248 7584 12877 7448 4958 2000 5029 1957 7573 7602 10385 10768 4580 4637 4609 4553 2071 12861 1822 5014 10811 10804 1549 
1 22 5007 12156 10733 1933 556 2022 12732 12327 2053 2099 7997 1698 4947 5736 10614 10545 7702 1703 4828 12119 2015 5087 
1 6 5007 1575 7571 1180 1139 4114 
1 8 5007 6932 1603 7508 7459 7580 9934 7625 
1 18 4580 7969 8125 8040 5050 10774 78 7977 2004 7994 12046 3795 12372 901 1634 6883 7671 12473 
1 3 2004 12726 2089 
1 28 12314 10781 10826 12717 10173 4979 10887 12005 10772 10729 2032 2086 4915 5086 12137 5055 12786 10751 4516 4544 7537 7565 10443 10416 1497 12366 1525 12322 
1 16 5007 12156 10733 1933 12882 5193 1257 9966 1918 12837 12724 12789 4318 1197 4087 1553 
1 3 1553 12395 12366 
1 6 2086 2054 4971 12829 12092 9975 
1 10 4516 1569 10332 8120 12854 4557 10171 12114 4472 8087 
1 28 12805 4923 12370 4316 1825 12583 4773 10146 10547 10619 12601 7850 1783 10674 12656 10839 4704 4843 1778 7727 4783 10899 5031 12776 7511 3742 1985 556 
1 14 3742 8081 4986 3427 10451 10507 12432 7158 828 1489 4495 6988 7575 10426 
1 23 10426 4514 9927 9788 11815 11764 964 9854 6981 11835 912 9790 4052 10065 11915 12040 7125 7221 7204 7175 4126 10110 11948 
1 5 9790 11770 10083 848 11958 
1 20 9498 391 3314 6336 9335 11318 11360 241 3326 6349 6325 9320 11331 6389 317 11251 3277 6364 6235 394 
1 19 587 6570 9482 9547 3524 6549 9524 3561 425 6582 3535 9471 6559 573 3514 11517 11414 3485 6485 
1 13 3705 3299 3571 424 3585 9471 6559 514 478 9496 537 6390 6334 
1 10 3686 6704 9677 9680 6741 11729 3734 6768 6781 775 
1 14 9677 9718 3722 568 737 11715 11561 6451 3468 488 11454 3494 525 3543 
1 6 11561 574 11546 11703 9698 11670 
1 9 3468 6495 11504 3557 3455 3520 6543 3580 11244 
1 13 3734 3720 3717 6736 9674 6692 11664 672 654 3658 6669 12441 10472 
1 7 10811 1463 864 6935 4583 3564 10472 
1 10 864 7604 4755 4825 9715 11704 4477 4545 7495 7661 
1 20 12829 12743 8076 11993 7177 7060 1405 4353 12142 7411 10799 5032 8100 12146 4315 12275 7447 1238 7288 7402 
1 7 12114 1275 1317 10259 10756 4414 8100 
1 7 12854 12799 11995 1949 7080 7905 4971 
1 16 9975 4064 1147 4110 10108 1179 8066 5043 8013 4949 1948 2062 12871 10806 1888 1957 
1 12 5043 10782 13082 1889 7982 12863 4959 12832 10797 5089 1922 10774 
1 11 4949 2101 12895 12739 12852 10759 10873 4983 5067 1982 8040 
1 20 4433 7225 7408 10250 10221 12173 10411 7572 12345 7531 4496 1990 4175 2061 1170 12363 10920 1082 8063 1197 
1 6 10752 10840 1920 8073 1923 12883 
1 7 10752 1973 12821 2029 13079 2103 8002 
1 5 4985 8124 7980 13239 8036 
1 5 10844 10745 7989 2046 12881 
1 9 9934 10462 4158 4079 11916 1001 7181 4001 1089 
1 14 7625 4130 12086 7434 7101 10517 12310 10377 4125 12378 9997 10121 11941 1047 
1 7 9966 10841 2067 12841 1319 7446 12282 
1 7 10507 7631 4525 12331 4655 10575 1868 
1 7 4655 1796 4873 12629 1871 1743 10638 
1 10 4114 11933 12069 10072 1069 10102 12074 1184 7105 1200 
1 14 11333 6103 11221 9268 364 11382 9379 6268 9397 6399 11332 11218 6320 3273 
1 7 11333 507 6489 3422 3463 540 6526 
1 5 11333 11374 221 271 322 
1 3 6268 9332 11270 
1 7 9320 9294 11219 3367 11444 3207 537 
1 9 11754 11588 637 6695 3676 9668 711 11672 3741 
1 12 11655 11672 3728 11689 9548 11550 11411 6483 9468 9494 9521 3458 
1 6 6703 9660 9690 9537 3550 3410 
1 3 1145 4146 7040 
1 5 4163 1046 7077 1037 10026 
1 4 12051 11953 1141 9943 
1 4 11943 10023 1207 1152 
1 4 1152 4154 1111 989 
1 3 4145 992 7117 
1 4 7117 10031 7144 7030 
1 6 1074 7001 4574 10089 4017 1015 
1 7 10623 1859 4732 4801 7752 7749 1868 
1 15 4655 4856 10632 12669 10558 10689 4786 1781 10560 1855 7808 7737 4714 10691 1783 
1 4 10623 12649 10597 10627 
1 8 10623 12649 1689 4777 12520 10539 4849 4714 
1 10 4572 1567 3932 6905 11781 6963 11775 978 6928 10083 
1 5 6999 7240 4925 4375 9966 
1 7 3580 457 3554 9579 11396 413 3527 
1 16 413 6341 6398 6230 6279 3356 9330 11268 11330 3290 301 6380 11282 9302 366 11326 
1 20 3527 510 6494 437 3431 11555 6454 579 9436 3582 9504 6527 9474 9459 11400 6468 9415 6796 3779 775 
1 13 6468 9581 6794 11566 3774 6791 11706 9753 11736 3622 11578 615 464 
1 13 7602 12359 10359 7563 10406 12383 13207 7541 10395 1479 12471 4581 4300 
1 11 10462 9959 7637 1628 7653 4083 7172 7199 1053 4081 11945 
1 11 10507 4469 12344 12078 12062 4190 4032 10003 11980 10119 12093 
1 3 12093 4089 12074 
